<KT_mesh_maker, TYPE="XYZ">
  <x-grid>rotation=-0.0
   0.0  20
   0.10 20
   0.2  20
   0.5  20
   1.0	20
   2.0	20
   3.0	20
   4.0	20
   5.0	20
   6.0	20
   7.0	20
   8.0	20
  10.0	20
  15.0	20
  20.0	20
  50.0	20
 100.0	20
 150.0  20
  </x-grid>
  <y-grid>
   0.0  20
   0.10 20
   0.2  20
   0.5  20
   1.0	20
   2.0	20
   3.0	20
   4.0	20
   5.0	20
   6.0	20
   7.0	20
   8.0	20
  10.0	20
  15.0	20
  20.0	20
  50.0	20
 100.0	20
 150.0  20
  </y-grid>
  <z-grid>
-231.0
-230.0
-220.0
-210.0
-208.5
-207.6
-206.6 ---
-205.8   (2)
-205.0
-204.5 ---
-204.0
-202.5
-202.0
-200.0
-195.0
-191.0
-186.0
-180.0
-175.0
-151.4
-149.4
-120.0
-100.0
   0.0
   1.0
  </z-grid>

  <boundary_condition>
  </boundary_condition>

  <formation>
   rock="air00" Z:    0.0    1.0
   rock="silt0" Z: -231.0    0.0
   rock="silt1" Z: -231.0 -205.0
   rock="sand1" Z: -202.5 -202.0
   rock="sand1" Z: -205.0 -204.0
   rock="sand1" Z: -206.6 -205.8
   rock="sand1" Z: -210.0 -207.6
   rock="bot00" Z: -231.0 -230.0
   rock="inj02" XYZ:  0.0 0.1 0.0 0.1 -206.6 -204.5
  </formation>

</KT_mesh_maker>
