<KT_mesh_maker, TYPE="XYZ">
  <x-grid>rotation=-0.0
   0.0  20
   0.10 20
   0.2  20
   0.5  20
   1.0	20
   2.0	20
   3.0	20
   4.0	20
   5.0	20
   6.0	20
   7.0	20
   8.0	20
  10.0	20
  15.0	20
  20.0	20
  50.0	20
 100.0	20
 150.0  20
  </x-grid>
  <y-grid>
   0.0  20
   0.10 20
   0.2  20
   0.5  20
   1.0	20
   2.0	20
   3.0	20
   4.0	20
   5.0	20
   6.0	20
   7.0	20
   8.0	20
  10.0	20
  15.0	20
  20.0	20
  50.0	20
 100.0	20
 150.0  20
  </y-grid>
  <z-grid>
-221.0
-220.0
-210.0
-200.0
-195.0
-192.0
-191.0
-190.2
-189.5
-188.8 ----
-187.8
-186.8 ----
-186.0
-185.0
-182.5
-180.0
-175.0
-151.4
-149.4
-120.0
-100.0
   0.0
   1.0
  </z-grid>

  <boundary_condition>
  </boundary_condition>

  <formation>
   rock="air00" Z:    0.0    1.0
   rock="silt0" Z: -221.0    0.0
   rock="sand0" Z: -191.0 -190.2
   rock="sand0" Z: -188.8 -186.8
   rock="bot00" Z: -221 -220
   rock="inj00" XYZ:  0.0 0.1 0.0 0.1 -188.8 -186.8
  </formation>

</KT_mesh_maker>
